P3
12 12
255
0.000000
-0.577350
0.000000
-0.507673
0.000000
-0.426401
0.000000
-0.333333
0.000000
-0.229416
0.000000
-0.117041
0.000000
0.000000
0.000000
0.117041
0.000000
0.229416
0.000000
0.333333
0.000000
0.426401
0.000000
0.507673
0.000000
-0.609208
0.000000
-0.539164
0.000000
-0.455842
0.000000
-0.358569
0.000000
-0.248069
0.000000
-0.127000
0.000000
0.000000
0.000000
0.127000
0.000000
0.248069
0.000000
0.358569
0.000000
0.455842
0.000000
0.539164
0.000000
-0.639602
0.000000
-0.569803
0.000000
-0.485071
0.000000
-0.384111
0.000000
-0.267261
0.000000
-0.137361
0.000000
0.000000
0.000000
0.137361
0.000000
0.267261
0.000000
0.384111
0.000000
0.485071
0.000000
0.569803
0.000000
-0.666667
0.000000
-0.597614
0.000000
-0.512148
0.000000
-0.408248
0.000000
-0.285714
0.000000
-0.147442
0.000000
0.000000
0.000000
0.147442
0.000000
0.285714
0.000000
0.408248
0.000000
0.512148
0.000000
0.597614
0.000000
-0.688247
0.000000
-0.620174
0.000000
-0.534522
0.000000
-0.428571
0.000000
-0.301511
0.000000
-0.156174
0.000000
0.000000
0.000000
0.156174
0.000000
0.301511
0.000000
0.428571
0.000000
0.534522
0.000000
0.620174
0.000000
-0.702247
0.000000
-0.635001
0.000000
-0.549442
0.000000
-0.442326
0.000000
-0.312348
0.000000
-0.162221
0.000000
0.000000
0.000000
0.162221
0.000000
0.312348
0.000000
0.442326
0.000000
0.549442
0.000000
0.635001
0.000000
-0.707107
0.000000
-0.640184
0.000000
-0.554700
0.000000
-0.447214
0.000000
-0.316228
0.000000
-0.164399
0.000000
0.000000
0.000000
0.164399
0.000000
0.316228
0.000000
0.447214
0.000000
0.554700
0.000000
0.640184
0.000000
-0.702247
0.000000
-0.635001
0.000000
-0.549442
0.000000
-0.442326
0.000000
-0.312348
0.000000
-0.162221
0.000000
0.000000
0.000000
0.162221
0.000000
0.312348
0.000000
0.442326
0.000000
0.549442
0.000000
0.635001
0.000000
-0.688247
0.000000
-0.620174
0.000000
-0.534522
0.000000
-0.428571
0.000000
-0.301511
0.000000
-0.156174
0.000000
0.000000
0.000000
0.156174
0.000000
0.301511
0.000000
0.428571
0.000000
0.534522
0.000000
0.620174
0.000000
-0.666667
0.000000
-0.597614
0.000000
-0.512148
0.000000
-0.408248
0.000000
-0.285714
0.000000
-0.147442
0.000000
0.000000
0.000000
0.147442
0.000000
0.285714
0.000000
0.408248
0.000000
0.512148
0.000000
0.597614
0.000000
-0.639602
0.000000
-0.569803
0.000000
-0.485071
0.000000
-0.384111
0.000000
-0.267261
0.000000
-0.137361
0.000000
0.000000
0.000000
0.137361
0.000000
0.267261
0.000000
0.384111
0.000000
0.485071
0.000000
0.569803
0.000000
-0.609208
0.000000
-0.539164
0.000000
-0.455842
0.000000
-0.358569
0.000000
-0.248069
0.000000
-0.127000
0.000000
0.000000
0.000000
0.127000
0.000000
0.248069
0.000000
0.358569
0.000000
0.455842
0.000000
0.539164
